# Target loading - inner     : b2mn     B2.5 bjb99/7 SOLPS-ITER  2026-06-16  13:48 jjl     template, 5.2 switches
# x	 : coordinate along target [m]. <0 in PFR
# ne	 : electron density [1/m^3]
# Te	 : electron temperature [eV]
# Ti	 : ion temperature [eV]
# Wtot	 : total power flux [W/m^2]
# Wpart	 : power flux with particles [W/m^2]
# Wrad	 : power flux with radiation [W/m^2]
# Wpls	 : power flux with charged particles [W/m^2]
# Wneut	 : power flux with neutral particles [W/m^2]
# Wheat	 : power flux due to particles impinging on wall [W/m^2]
# Wpot	 : power flux due to recombination [W/m^2]
# Whtpl	 : power flux due to plasma particles impinging on wall [W/m^2]
# Wptpl	 : power flux due to plasma recombination [W/m^2]
# xMP	 : radial coordinate in midplane (IMP for inner target(s), OMP for outer(s)) [m]
# Rclfc	 : radial coordinate on target [m]
# Zclfc	 : vertical coordinate on target [m]
# Wpar_xpt	 : parallel power flux around x-point [W/m^2]
# WWpar	 : would-be parallel power flux without dissipation in divertor [W/m^2]
# WWtrg	 : would-be target power flux without dissipation in divertor [W/m^2]
# Lcnnt	 : connection length from midplane to target [m]
# Lcnnx	 : connection length from x-point to target [m]
#           x            ne            Te            Ti          Wtot         Wpart          Wrad          Wpls         Wneut         Wheat          Wpot         Whtpl         Wptpl           xMP         Rclfc         Zclfc      Wpar_xpt         WWpar         WWtrg         Lcnnt         Lcnnx
 -9.63384E-02   1.98166E+18   1.86812E-01   1.94928E-01   1.32484E+05   3.62568E+04   9.62275E+04   9.47037E+02   3.53098E+04   2.45761E+04   1.16807E+04   6.81271E+01   8.78910E+02  -3.31814E-01   2.56662E+00  -2.99324E+00   0.00000E+00   0.00000E+00   0.00000E+00   2.23502E+01   1.09865E+01
 -8.92373E-02   2.96367E+18   2.13135E-01   2.23382E-01   1.34913E+05   3.23804E+04   1.02532E+05   1.35911E+03   3.10213E+04   2.15587E+04   1.08217E+04   2.72647E+01   1.33184E+03  -3.18902E-01   2.56428E+00  -2.98654E+00   0.00000E+00   0.00000E+00   0.00000E+00   2.30911E+01   1.13335E+01
 -8.22327E-02   3.88733E+18   2.35913E-01   2.54731E-01   1.56459E+05   4.79378E+04   1.08521E+05   1.78163E+03   4.61562E+04   3.19379E+04   1.59999E+04  -9.84097E+01   1.88004E+03  -3.05701E-01   2.56197E+00  -2.97992E+00   0.00000E+00   0.00000E+00   0.00000E+00   2.40007E+01   1.18501E+01
 -7.53491E-02   5.99888E+18   2.63432E-01   2.70879E-01   1.73037E+05   5.79089E+04   1.15128E+05   3.31073E+03   5.45982E+04   3.80899E+04   1.98190E+04   1.94182E+02   3.11655E+03  -2.92224E-01   2.55970E+00  -2.97343E+00   0.00000E+00   0.00000E+00   0.00000E+00   2.48966E+01   1.22336E+01
 -6.85893E-02   7.42293E+18   2.47469E-01   2.32517E-01   1.68420E+05   4.57030E+04   1.22717E+05   4.09863E+03   4.16043E+04   2.92348E+04   1.64682E+04   3.57870E+02   3.74076E+03  -2.78434E-01   2.55747E+00  -2.96704E+00   0.00000E+00   0.00000E+00   0.00000E+00   2.59609E+01   1.28043E+01
 -6.20014E-02   1.00214E+19   3.09741E-01   3.05978E-01   2.27149E+05   9.56634E+04   1.31486E+05   6.21830E+03   8.94451E+04   6.25834E+04   3.30800E+04   5.00896E+02   5.71741E+03  -2.64292E-01   2.55529E+00  -2.96083E+00   0.00000E+00   0.00000E+00   0.00000E+00   2.70762E+01   1.33733E+01
 -5.55737E-02   1.60246E+19   3.42545E-01   3.50992E-01   2.31281E+05   9.06748E+04   1.40606E+05   9.66984E+03   8.10049E+04   5.67380E+04   3.39368E+04   5.13675E+02   9.15616E+03  -2.49819E-01   2.55318E+00  -2.95475E+00   0.00000E+00   0.00000E+00   0.00000E+00   2.81708E+01   1.38609E+01
 -4.93363E-02   2.10570E+19   3.53944E-01   3.46958E-01   2.61736E+05   1.09852E+05   1.51884E+05   1.28318E+04   9.70207E+04   6.79041E+04   4.19483E+04   5.63571E+02   1.22682E+04  -2.34998E-01   2.55116E+00  -2.94885E+00   0.00000E+00   0.00000E+00   0.00000E+00   2.95023E+01   1.45939E+01
 -4.33177E-02   3.26096E+19   3.90436E-01   3.79301E-01   2.95303E+05   1.28917E+05   1.66386E+05   2.15999E+04   1.07317E+05   7.58956E+04   5.30214E+04   1.40844E+03   2.01915E+04  -2.19781E-01   2.54922E+00  -2.94316E+00   0.00000E+00   0.00000E+00   0.00000E+00   3.08462E+01   1.52381E+01
 -3.75115E-02   4.54498E+19   4.10545E-01   4.02247E-01   3.47876E+05   1.63740E+05   1.84135E+05   3.10842E+04   1.32656E+05   9.43034E+04   6.94369E+04   2.22883E+03   2.88554E+04  -2.04175E-01   2.54734E+00  -2.93766E+00   0.00000E+00   0.00000E+00   0.00000E+00   3.22924E+01   1.59814E+01
 -3.19626E-02   6.40809E+19   4.91472E-01   4.90229E-01   4.74251E+05   2.69093E+05   2.05158E+05   4.79357E+04   2.21157E+05   1.58019E+05   1.11073E+05   4.51746E+03   4.34182E+04  -1.88133E-01   2.54555E+00  -2.93241E+00   0.00000E+00   0.00000E+00   0.00000E+00   3.41540E+01   1.69113E+01
 -2.66775E-02   9.24471E+19   5.45721E-01   5.46906E-01   5.57769E+05   3.26814E+05   2.30956E+05   7.03845E+04   2.56429E+05   1.83069E+05   1.43745E+05   5.08511E+03   6.52994E+04  -1.71538E-01   2.54385E+00  -2.92741E+00   0.00000E+00   0.00000E+00   0.00000E+00   3.58920E+01   1.77437E+01
 -2.16582E-02   1.40266E+20   6.15136E-01   6.17353E-01   7.55529E+05   4.86768E+05   2.68761E+05   1.18402E+05   3.68366E+05   2.68929E+05   2.17839E+05   1.32513E+04   1.05150E+05  -1.54278E-01   2.54218E+00  -2.92267E+00   0.00000E+00   0.00000E+00   0.00000E+00   3.80692E+01   1.88040E+01
 -1.69532E-02   2.23978E+20   7.12240E-01   7.16283E-01   1.01411E+06   7.05049E+05   3.09058E+05   1.97387E+05   5.07662E+05   3.69205E+05   3.35844E+05   1.68446E+04   1.80542E+05  -1.36177E-01   2.54058E+00  -2.91825E+00   0.00000E+00   0.00000E+00   0.00000E+00   4.06640E+01   2.01875E+01
 -1.25911E-02   3.68860E+20   7.51096E-01   7.54041E-01   1.45439E+06   1.09601E+06   3.58378E+05   3.39232E+05   7.56777E+05   5.57394E+05   5.38615E+05   3.21265E+04   3.07105E+05  -1.16924E-01   2.53910E+00  -2.91415E+00   0.00000E+00   0.00000E+00   0.00000E+00   4.38848E+01   2.18361E+01
 -8.55173E-03   5.84667E+20   8.06783E-01   8.02143E-01   2.05781E+06   1.64081E+06   4.16997E+05   5.66992E+05   1.07382E+06   8.04416E+05   8.36394E+05   5.90953E+04   5.07896E+05  -9.59053E-02   2.53772E+00  -2.91035E+00   0.00000E+00   0.00000E+00   0.00000E+00   4.77696E+01   2.36177E+01
 -4.85581E-03   9.45197E+20   8.80528E-01   8.83315E-01   3.03894E+06   2.55367E+06   4.85271E+05   9.47952E+05   1.60572E+06   1.22692E+06   1.32675E+06   1.12414E+05   8.35538E+05  -7.14646E-02   2.53647E+00  -2.90687E+00   0.00000E+00   0.00000E+00   0.00000E+00   5.39353E+01   2.68383E+01
 -1.55271E-03   1.44593E+21   9.61577E-01   9.63846E-01   4.36207E+06   3.80146E+06   5.60608E+05   1.52871E+06   2.27275E+06   1.77888E+06   2.02259E+06   2.01395E+05   1.32732E+06  -2.90390E-02   2.53534E+00  -2.90377E+00   0.00000E+00   0.00000E+00   0.00000E+00   7.02270E+01   3.49406E+01
  4.17128E-03   2.42607E+21   9.29154E-01   9.23480E-01   7.49250E+06   6.79697E+06   6.95528E+05   2.64016E+06   4.15680E+06   3.23219E+06   3.56478E+06   3.47015E+05   2.29315E+06   2.44057E-03   2.53340E+00  -2.89838E+00   5.30631E+08   6.43828E+08   3.35515E+07   8.72579E+01   3.00223E+01
  1.30727E-02   1.86732E+21   8.95157E-01   8.86392E-01   6.86947E+06   6.16140E+06   7.08069E+05   1.99618E+06   4.16523E+06   3.16721E+06   2.99420E+06   2.76187E+05   1.71999E+06   7.63588E-03   2.53040E+00  -2.89000E+00   2.17093E+08   2.58842E+08   1.34315E+07   7.22109E+01   2.23096E+01
  2.30545E-02   1.20095E+21   8.10898E-01   8.04065E-01   4.50804E+06   3.95302E+06   5.55023E+05   1.19183E+06   2.76118E+06   2.06188E+06   1.89114E+06   1.45386E+05   1.04645E+06   1.34539E-02   2.52703E+00  -2.88060E+00   1.47872E+08   1.74418E+08   9.00977E+06   6.65384E+01   1.93384E+01
  3.40585E-02   6.24094E+20   7.06335E-01   7.06601E-01   2.36263E+06   1.95579E+06   4.06834E+05   5.47296E+05   1.40850E+06   1.03561E+06   9.20180E+05   5.79975E+04   4.89299E+05   1.98781E-02   2.52343E+00  -2.87021E+00   9.51015E+07   1.11164E+08   5.73449E+06   6.25671E+01   1.72725E+01
  4.60801E-02   3.50377E+20   5.92277E-01   5.91459E-01   1.24729E+06   9.49572E+05   2.97722E+05   2.72762E+05   6.76810E+05   4.92543E+05   4.57029E+05   2.27792E+04   2.49983E+05   2.68820E-02   2.51960E+00  -2.85881E+00   2.25949E+07   2.61979E+07   1.34199E+06   5.96792E+01   1.57735E+01
  5.90806E-02   1.96940E+20   4.99253E-01   4.96547E-01   7.28020E+05   5.05810E+05   2.22210E+05   1.39381E+05   3.66429E+05   2.64417E+05   2.41393E+05   1.00840E+04   1.29297E+05   3.44396E-02   2.51536E+00  -2.84652E+00   9.86655E+06   1.13550E+07   5.78681E+05   5.72566E+01   1.45226E+01
  7.29937E-02   1.14850E+20   4.13674E-01   4.09875E-01   4.52540E+05   2.76454E+05   1.76086E+05   7.53424E+04   2.01112E+05   1.45784E+05   1.30670E+05   6.19534E+03   6.91470E+04   4.25356E-02   2.51072E+00  -2.83341E+00   4.79427E+06   5.47921E+06   2.78303E+05   5.51677E+01   1.34500E+01
  8.77923E-02   6.66224E+19   3.53105E-01   3.51734E-01   3.32963E+05   1.87661E+05   1.45302E+05   3.83665E+04   1.49294E+05   1.05448E+05   8.22131E+04   1.82483E+03   3.65416E+04   5.11484E-02   2.50578E+00  -2.81946E+00   2.03762E+06   2.31336E+06   1.16861E+05   5.34280E+01   1.25380E+01
  1.03450E-01   3.82912E+19   3.10367E-01   3.09286E-01   2.33606E+05   1.09624E+05   1.23983E+05   2.08658E+04   8.87578E+04   6.27717E+04   4.68519E+04   1.16629E+03   1.96996E+04   6.02513E-02   2.50057E+00  -2.80469E+00   9.15795E+05   1.03316E+06   5.18968E+04   5.18326E+01   1.17178E+01
  1.19941E-01   2.16071E+19   2.62919E-01   2.61443E-01   1.73088E+05   6.51389E+04   1.07949E+05   1.09523E+04   5.41866E+04   3.82406E+04   2.68982E+04   6.30567E+02   1.03217E+04   6.98293E-02   2.49512E+00  -2.78913E+00   5.03986E+05   5.65112E+05   2.82025E+04   5.04118E+01   1.09769E+01
  1.37229E-01   1.07455E+19   2.30415E-01   2.21969E-01   1.46231E+05   5.08086E+04   9.54219E+04   5.18626E+03   4.56223E+04   3.20644E+04   1.87442E+04   3.98665E+02   4.78759E+03   7.98641E-02   2.48941E+00  -2.77281E+00   2.75883E+05   3.07524E+05   1.52383E+04   4.91486E+01   1.03084E+01
  1.58814E-01   4.86248E+18   2.04463E-01   2.01778E-01   1.81757E+05   4.22813E+04   1.39476E+05   1.52761E+03   4.07537E+04   2.83326E+04   1.39486E+04   4.61381E+01   1.48148E+03   9.03239E-02   2.48899E+00  -2.75196E+00   1.13905E+05   1.25970E+05   4.48645E+03   4.78377E+01   9.55826E+00
  2.09307E-01   3.56305E+18   2.32767E-01   2.40440E-01   1.76292E+05   4.02449E+04   1.36047E+05   4.16246E+02   3.98287E+04   2.76642E+04   1.25807E+04   1.97414E+01   3.96505E+02   1.01194E-01   2.51473E+00  -2.70972E+00   6.74474E+04   7.32536E+04   9.10366E+02   4.59523E+01   8.23129E+00
  2.72903E-01   2.95743E+18   3.42525E-01   3.65476E-01   1.27863E+05   2.81522E+04   9.97108E+04   7.30102E+02   2.74221E+04   1.91242E+04   9.02798E+03   9.09447E+01   6.39158E+02   1.12452E-01   2.54853E+00  -2.65638E+00   4.80815E+04   5.11395E+04   9.51545E+02   4.38209E+01   6.61158E+00
  3.26156E-01   1.08351E+18   3.94463E-01   4.52299E-01   1.03349E+05   2.32795E+04   8.00690E+04   2.91771E+02   2.29877E+04   1.59857E+04   7.29381E+03   3.02639E+01   2.61507E+02   1.24072E-01   2.56826E+00  -2.60696E+00   1.48000E+04   1.55049E+04   2.78897E+02   4.19666E+01   5.30102E+00
  3.66298E-01   6.59268E+17   5.68336E-01   7.80452E-01   5.44751E+04   1.54179E+04   3.90572E+04   5.79570E+02   1.48383E+04   1.04309E+04   4.98698E+03   1.31858E+02   4.47712E+02   1.36032E-01   2.57203E+00  -2.56959E+00   1.21102E+04   1.25764E+04   4.95853E+02   4.06774E+01   4.46413E+00
  3.91999E-01   3.30345E+17   6.14147E-01   9.03841E-01   5.13125E+04   1.07610E+04   4.05515E+04   1.69835E+02   1.05912E+04   7.28457E+03   3.47646E+03  -6.66187E+01   2.36454E+02   1.48307E-01   2.56117E+00  -2.54630E+00   7.48380E+03   7.74904E+03   3.05413E+02   3.98787E+01   4.14093E+00
  4.18113E-01   8.37983E+16   6.16539E-01   8.60230E-01   5.30748E+04   1.39088E+04   3.91660E+04   4.14937E+01   1.38673E+04   9.60739E+03   4.30143E+03  -1.77100E+01   5.92037E+01   1.60879E-01   2.55012E+00  -2.52263E+00   3.83309E+03   3.95818E+03   1.56234E+02   3.91645E+01   3.85268E+00
