# Target loading - inner     : b2mn     B2.5 bjb99/7 SOLPS-ITER  2026-06-16  13:49 jjl     template, 5.2 switches
# x	 : coordinate along target [m]. <0 in PFR
# ne	 : electron density [1/m^3]
# Te	 : electron temperature [eV]
# Ti	 : ion temperature [eV]
# Wtot	 : total power flux [W/m^2]
# Wpart	 : power flux with particles [W/m^2]
# Wrad	 : power flux with radiation [W/m^2]
# Wpls	 : power flux with charged particles [W/m^2]
# Wneut	 : power flux with neutral particles [W/m^2]
# Wheat	 : power flux due to particles impinging on wall [W/m^2]
# Wpot	 : power flux due to recombination [W/m^2]
# Whtpl	 : power flux due to plasma particles impinging on wall [W/m^2]
# Wptpl	 : power flux due to plasma recombination [W/m^2]
# xMP	 : radial coordinate in midplane (IMP for inner target(s), OMP for outer(s)) [m]
# Rclfc	 : radial coordinate on target [m]
# Zclfc	 : vertical coordinate on target [m]
# Wpar_xpt	 : parallel power flux around x-point [W/m^2]
# WWpar	 : would-be parallel power flux without dissipation in divertor [W/m^2]
# WWtrg	 : would-be target power flux without dissipation in divertor [W/m^2]
# Lcnnt	 : connection length from midplane to target [m]
# Lcnnx	 : connection length from x-point to target [m]
#           x            ne            Te            Ti          Wtot         Wpart          Wrad          Wpls         Wneut         Wheat          Wpot         Whtpl         Wptpl           xMP         Rclfc         Zclfc      Wpar_xpt         WWpar         WWtrg         Lcnnt         Lcnnx
 -9.63384E-02   7.62305E+14   2.53457E-02   7.36383E-01   3.27844E+05   3.89299E+04   2.88914E+05   8.86783E-01   3.89291E+04   2.51248E+04   1.38051E+04   1.66248E-01   7.20535E-01  -3.31814E-01   2.56662E+00  -2.99324E+00   0.00000E+00   0.00000E+00   0.00000E+00   2.23502E+01   1.09865E+01
 -8.92373E-02   2.25845E+15   2.08934E+00   8.51908E-01   3.55263E+05   6.19577E+04   2.93305E+05   1.14362E+01   6.19463E+04   3.99881E+04   2.19696E+04   8.24015E+00   3.19609E+00  -3.18902E-01   2.56428E+00  -2.98654E+00   0.00000E+00   0.00000E+00   0.00000E+00   2.30911E+01   1.13335E+01
 -8.22327E-02   7.94253E+15   1.12328E+00   7.55592E-01   3.40488E+05   4.58623E+04   2.94626E+05   1.73610E+01   4.58450E+04   2.95970E+04   1.62653E+04   8.86071E+00   8.50031E+00  -3.05701E-01   2.56197E+00  -2.97992E+00   0.00000E+00   0.00000E+00   0.00000E+00   2.40007E+01   1.18501E+01
 -7.53491E-02   1.78461E+16   9.95605E-01   5.82981E-01   3.45038E+05   4.89291E+04   2.96109E+05   3.57505E+01   4.88934E+04   3.15742E+04   1.73549E+04   1.86242E+01   1.71263E+01  -2.92224E-01   2.55970E+00  -2.97343E+00   0.00000E+00   0.00000E+00   0.00000E+00   2.48966E+01   1.22336E+01
 -6.85893E-02   7.71216E+16   8.24128E-01   6.39133E-01   3.57783E+05   5.99675E+04   2.97816E+05   1.12041E+02   5.98555E+04   3.86681E+04   2.12994E+04   3.76741E+01   7.43664E+01  -2.78434E-01   2.55747E+00  -2.96704E+00   0.00000E+00   0.00000E+00   0.00000E+00   2.59609E+01   1.28043E+01
 -6.20014E-02   2.75147E+17   6.04439E-01   5.32475E-01   3.67819E+05   6.75044E+04   3.00315E+05   2.92963E+02   6.72115E+04   4.34411E+04   2.40633E+04   6.31080E+01   2.29855E+02  -2.64292E-01   2.55529E+00  -2.96083E+00   0.00000E+00   0.00000E+00   0.00000E+00   2.70762E+01   1.33733E+01
 -5.55737E-02   6.11510E+17   4.64471E-01   4.53367E-01   3.60547E+05   5.12833E+04   3.09264E+05   5.83713E+02   5.06995E+04   3.28331E+04   1.84502E+04   1.11835E+02   4.71878E+02  -2.49819E-01   2.55318E+00  -2.95475E+00   0.00000E+00   0.00000E+00   0.00000E+00   2.81708E+01   1.38609E+01
 -4.93363E-02   1.48298E+18   4.21618E-01   5.00071E-01   3.90014E+05   6.64775E+04   3.23537E+05   1.23072E+03   6.52468E+04   4.23079E+04   2.41696E+04   1.97952E+02   1.03277E+03  -2.34998E-01   2.55116E+00  -2.94885E+00   0.00000E+00   0.00000E+00   0.00000E+00   2.95023E+01   1.45939E+01
 -4.33177E-02   3.93927E+18   4.31334E-01   4.35726E-01   3.74903E+05   4.98192E+04   3.25084E+05   3.02726E+03   4.67919E+04   3.05079E+04   1.93113E+04   3.08570E+02   2.71869E+03  -2.19781E-01   2.54922E+00  -2.94316E+00   0.00000E+00   0.00000E+00   0.00000E+00   3.08462E+01   1.52381E+01
 -3.75115E-02   8.75867E+18   4.51566E-01   4.73223E-01   3.94706E+05   6.98087E+04   3.24897E+05   6.79370E+03   6.30150E+04   4.14983E+04   2.83103E+04   8.28749E+02   5.96495E+03  -2.04175E-01   2.54734E+00  -2.93766E+00   0.00000E+00   0.00000E+00   0.00000E+00   3.22924E+01   1.59814E+01
 -3.19626E-02   1.63766E+19   4.30197E-01   4.21106E-01   4.15556E+05   9.10116E+04   3.24544E+05   1.07164E+04   8.02953E+04   5.19551E+04   3.90565E+04   1.32907E+02   1.05835E+04  -1.88133E-01   2.54555E+00  -2.93241E+00   0.00000E+00   0.00000E+00   0.00000E+00   3.41540E+01   1.69113E+01
 -2.66775E-02   3.19612E+19   4.89402E-01   5.00633E-01   4.15294E+05   8.99433E+04   3.25350E+05   2.16821E+04   6.82612E+04   4.47218E+04   4.52215E+04   6.66301E+02   2.10158E+04  -1.71538E-01   2.54385E+00  -2.92741E+00   0.00000E+00   0.00000E+00   0.00000E+00   3.58920E+01   1.77437E+01
 -2.16582E-02   5.60097E+19   5.20565E-01   5.23776E-01   4.48112E+05   1.21159E+05   3.26952E+05   4.28016E+04   7.83577E+04   5.48911E+04   6.62681E+04   4.31946E+03   3.84821E+04  -1.54278E-01   2.54218E+00  -2.92267E+00   0.00000E+00   0.00000E+00   0.00000E+00   3.80692E+01   1.88040E+01
 -1.69532E-02   9.98686E+19   5.44741E-01   5.47968E-01   4.96507E+05   1.69030E+05   3.27477E+05   7.53717E+04   9.36581E+04   6.64557E+04   1.02574E+05   6.00917E+03   6.93625E+04  -1.36177E-01   2.54058E+00  -2.91825E+00   0.00000E+00   0.00000E+00   0.00000E+00   4.06640E+01   2.01875E+01
 -1.25911E-02   1.52392E+20   6.13206E-01   6.16018E-01   5.45488E+05   2.20450E+05   3.25038E+05   1.20806E+05   9.96439E+04   7.41680E+04   1.46282E+05   9.85829E+03   1.10948E+05  -1.16924E-01   2.53910E+00  -2.91415E+00   0.00000E+00   0.00000E+00   0.00000E+00   4.38848E+01   2.18361E+01
 -8.55173E-03   2.14447E+20   6.62651E-01   6.64298E-01   6.16302E+05   2.91441E+05   3.24861E+05   1.80065E+05   1.11375E+05   8.89492E+04   2.02491E+05   1.70681E+04   1.62997E+05  -9.59053E-02   2.53772E+00  -2.91035E+00   0.00000E+00   0.00000E+00   0.00000E+00   4.77696E+01   2.36177E+01
 -4.85581E-03   2.86418E+20   7.26291E-01   7.27404E-01   7.14300E+05   3.90947E+05   3.23353E+05   2.53417E+05   1.37530E+05   1.14665E+05   2.76282E+05   2.59033E+04   2.27513E+05  -7.14646E-02   2.53647E+00  -2.90687E+00   0.00000E+00   0.00000E+00   0.00000E+00   5.39353E+01   2.68383E+01
 -1.55271E-03   3.51543E+20   8.02718E-01   8.07653E-01   8.76640E+05   5.54116E+05   3.22523E+05   3.12540E+05   2.41576E+05   1.79059E+05   3.75058E+05   2.31463E+04   2.89394E+05  -2.90390E-02   2.53534E+00  -2.90377E+00   0.00000E+00   0.00000E+00   0.00000E+00   7.02270E+01   3.49406E+01
  4.17128E-03   4.42435E+20   8.24406E-01   8.25108E-01   9.74907E+05   6.54301E+05   3.20606E+05   4.18726E+05   2.35575E+05   1.95422E+05   4.58880E+05   4.33828E+04   3.75344E+05   2.44057E-03   2.53340E+00  -2.89838E+00   6.60146E+08   7.78755E+08   4.05481E+07   8.72579E+01   3.00223E+01
  1.30727E-02   4.73566E+20   8.21508E-01   8.23297E-01   1.05169E+06   7.21300E+05   3.30393E+05   4.47405E+05   2.73896E+05   2.27624E+05   4.93676E+05   5.08528E+04   3.96552E+05   7.63588E-03   2.53040E+00  -2.89000E+00   1.94569E+08   2.28946E+08   1.18707E+07   7.22109E+01   2.23096E+01
  2.30545E-02   4.42529E+20   7.70157E-01   7.69374E-01   1.02037E+06   6.85279E+05   3.35092E+05   4.11944E+05   2.73335E+05   2.22526E+05   4.62753E+05   4.61166E+04   3.65827E+05   1.34539E-02   2.52703E+00  -2.88060E+00   6.83830E+07   8.02348E+07   4.14149E+06   6.65384E+01   1.93384E+01
  3.40585E-02   3.56710E+20   7.49210E-01   7.47657E-01   8.90856E+05   5.56675E+05   3.34181E+05   3.25265E+05   2.31410E+05   1.82562E+05   3.74113E+05   3.32107E+04   2.92054E+05   1.98781E-02   2.52343E+00  -2.87021E+00   2.20679E+07   2.58090E+07   1.33044E+06   6.25671E+01   1.72725E+01
  4.60801E-02   2.57750E+20   7.08539E-01   7.07987E-01   7.30209E+05   3.99291E+05   3.30919E+05   2.28607E+05   1.70684E+05   1.35501E+05   2.63790E+05   2.53423E+04   2.03265E+05   2.68820E-02   2.51960E+00  -2.85881E+00   9.26003E+06   1.07911E+07   5.52412E+05   5.96792E+01   1.57735E+01
  5.90806E-02   1.58956E+20   6.63411E-01   6.62117E-01   5.82957E+05   2.57119E+05   3.25838E+05   1.36072E+05   1.21047E+05   9.22695E+04   1.64849E+05   1.41462E+04   1.21925E+05   3.44396E-02   2.51536E+00  -2.84652E+00   4.25412E+06   4.93847E+06   2.51525E+05   5.72566E+01   1.45226E+01
  7.29937E-02   9.24384E+19   5.96111E-01   5.94625E-01   4.63177E+05   1.42022E+05   3.21154E+05   7.28259E+04   6.91964E+04   5.02919E+04   9.17304E+04   5.63283E+03   6.71931E+04   4.25356E-02   2.51072E+00  -2.83341E+00   2.02270E+06   2.33855E+06   1.18715E+05   5.51677E+01   1.34500E+01
  8.77923E-02   4.52343E+19   5.81002E-01   5.94450E-01   4.07210E+05   8.81792E+04   3.19031E+05   3.54833E+04   5.26959E+04   3.77395E+04   5.04397E+04   3.72981E+03   3.17534E+04   5.11484E-02   2.50578E+00  -2.81946E+00   1.05093E+06   1.20982E+06   6.10836E+04   5.34280E+01   1.25380E+01
  1.03450E-01   2.04890E+19   5.66248E-01   5.83938E-01   3.78297E+05   6.27915E+04   3.15506E+05   1.62255E+04   4.65661E+04   3.17643E+04   3.10272E+04   1.71077E+03   1.45147E+04   6.02513E-02   2.50057E+00  -2.80469E+00   4.97782E+05   5.70456E+05   2.86413E+04   5.18326E+01   1.17178E+01
  1.19941E-01   8.90111E+18   5.40692E-01   5.64792E-01   3.61714E+05   5.10353E+04   3.10678E+05   7.25344E+03   4.37819E+04   2.91139E+04   2.19215E+04   8.57226E+02   6.39622E+03   6.98293E-02   2.49512E+00  -2.78913E+00   2.28817E+05   2.60994E+05   1.30196E+04   5.04118E+01   1.09769E+01
  1.37229E-01   3.41100E+18   5.58648E-01   6.41654E-01   3.44428E+05   3.99410E+04   3.04487E+05   2.82510E+03   3.71159E+04   2.42491E+04   1.56919E+04   2.94654E+02   2.53044E+03   7.98641E-02   2.48941E+00  -2.77281E+00   1.07388E+05   1.21898E+05   6.03790E+03   4.91486E+01   1.03084E+01
  1.58814E-01   1.06847E+18   5.72047E-01   7.82592E-01   3.64258E+05   3.49380E+04   3.29320E+05   7.40345E+02   3.41976E+04   2.21977E+04   1.27402E+04   1.26748E+02   6.13596E+02   9.03239E-02   2.48899E+00  -2.75196E+00   5.10546E+04   5.75388E+04   2.04854E+03   4.78377E+01   9.55826E+00
  2.09307E-01   2.60391E+17   7.92239E-01   1.10477E+00   3.48217E+05   3.67387E+04   3.11478E+05   6.64703E+01   3.66722E+04   2.36702E+04   1.30685E+04   2.11005E+00   6.43602E+01   1.01194E-01   2.51473E+00  -2.70972E+00   2.52592E+04   2.79653E+04   3.47431E+02   4.59523E+01   8.23129E+00
  2.72903E-01   7.88593E+16   8.93663E-01   1.26397E+00   4.05744E+05   3.49309E+04   3.70813E+05   4.57743E+01   3.48851E+04   2.25286E+04   1.24023E+04   1.38564E+01   3.19179E+01   1.12452E-01   2.54853E+00  -2.65638E+00   9.75168E+03   1.05722E+04   1.96657E+02   4.38209E+01   6.61158E+00
  3.26156E-01   2.62319E+16   1.04816E+00   1.53459E+00   4.09915E+05   2.40573E+04   3.85858E+05   1.77679E+01   2.40395E+04   1.55212E+04   8.53604E+03   6.24636E+00   1.15215E+01   1.24072E-01   2.56826E+00  -2.60696E+00   5.03224E+03   5.37200E+03   9.66043E+01   4.19666E+01   5.30102E+00
  3.66298E-01   1.46111E+16   1.01334E+00   1.53653E+00   2.98651E+05   1.60826E+04   2.82568E+05   2.14700E+01   1.60612E+04   1.03729E+04   5.70970E+03   7.13609E+00   1.43339E+01   1.36032E-01   2.57203E+00  -2.56959E+00   1.31317E+03   1.38888E+03   5.47467E+01   4.06774E+01   4.46413E+00
  3.91999E-01   5.89659E+15   1.08133E+00   1.46510E+00   2.96735E+05   1.64334E+04   2.80301E+05   8.70505E+00   1.64247E+04   1.06033E+04   5.83011E+03   2.85375E+00   5.85130E+00   1.48307E-01   2.56117E+00  -2.54630E+00   4.99311E+02   5.26183E+02   2.07340E+01   3.98787E+01   4.14093E+00
  4.18113E-01   2.46082E+15   1.13745E+00   1.47159E+00   2.76272E+05   6.28817E+03   2.69984E+05   3.60108E+00   6.28457E+03   4.05706E+03   2.23111E+03   1.02490E+00   2.57618E+00   1.60879E-01   2.55012E+00  -2.52263E+00   1.87457E+02   1.96837E+02   7.76790E+00   3.91645E+01   3.85268E+00
